0 0.322365 0.206344 0.034335 0.018967
0 0.365045 0.205690 0.026228 0.018967
0 0.412494 0.205690 0.032427 0.017659
0 0.466619 0.206671 0.031950 0.011772
0 0.511206 0.206344 0.035289 0.016351
0 0.564855 0.205036 0.035765 0.016351
0 0.613972 0.206344 0.023367 0.018967
0 0.661421 0.206671 0.040057 0.024853
0 0.687172 0.325049 0.008584 0.017005
0 0.663805 0.419228 0.021936 0.014388
0 0.633047 0.418901 0.027182 0.015043
0 0.587506 0.419555 0.020029 0.016351
0 0.540773 0.417593 0.024797 0.012426
0 0.510253 0.418901 0.024797 0.018967
0 0.468288 0.418247 0.024797 0.015043
0 0.434192 0.419555 0.030043 0.016351
0 0.386266 0.419555 0.022890 0.017659
0 0.342632 0.419555 0.030997 0.021583
0 0.302337 0.418901 0.046733 0.024199
0 0.236528 0.370504 0.024797 0.049052
0 0.240582 0.253107 0.018598 0.049706
