0 0.267763 0.220405 0.026228 0.057554
0 0.269671 0.347286 0.030043 0.068018
0 0.331426 0.387508 0.046733 0.022891
0 0.372914 0.389470 0.028612 0.021583
0 0.419886 0.388816 0.024320 0.022891
0 0.463758 0.391432 0.029089 0.028123
0 0.499523 0.388816 0.031950 0.025507
0 0.537911 0.390124 0.025751 0.020275
0 0.571054 0.390124 0.029089 0.025507
0 0.615880 0.391432 0.021459 0.022891
0 0.660706 0.388162 0.027182 0.021583
0 0.693133 0.388816 0.030043 0.025507
0 0.712685 0.292021 0.012876 0.029431
0 0.690987 0.177240 0.049595 0.040549
0 0.641631 0.174624 0.028135 0.018313
0 0.594421 0.175932 0.034812 0.026161
0 0.537434 0.177240 0.034335 0.026161
0 0.496423 0.175605 0.040057 0.032047
0 0.441583 0.172989 0.035289 0.024199
0 0.393896 0.176586 0.031474 0.019621
0 0.350024 0.175932 0.031474 0.023545
0 0.346209 0.454872 0.037196 0.026815
0 0.392704 0.457489 0.027182 0.021583
0 0.442060 0.455526 0.040057 0.022891
0 0.497377 0.455526 0.040057 0.020275
0 0.537911 0.454218 0.037196 0.017659
0 0.595374 0.456181 0.040534 0.026815
0 0.641154 0.454872 0.025274 0.021583
0 0.690033 0.458143 0.045780 0.025507
0 0.717454 0.573250 0.018598 0.030739
0 0.693610 0.666449 0.034812 0.019621
0 0.659752 0.667757 0.025274 0.017005
0 0.614926 0.666449 0.019552 0.019621
0 0.570100 0.666449 0.027182 0.019621
0 0.539819 0.670373 0.027659 0.024853
0 0.496662 0.670373 0.026228 0.019621
0 0.465904 0.668411 0.029566 0.018313
0 0.420839 0.670373 0.024320 0.014388
0 0.376252 0.669719 0.037196 0.020929
0 0.331903 0.668411 0.041965 0.020929
0 0.268717 0.621648 0.018598 0.042511
0 0.267763 0.503597 0.020505 0.049706
