0 0.344184 0.326797 0.025850 0.033987
0 0.280038 0.322222 0.012446 0.032680
0 0.289612 0.322876 0.010531 0.031373
0 0.300144 0.321569 0.008617 0.028758
0 0.311154 0.324837 0.009574 0.035294
0 0.280038 0.377778 0.008617 0.026144
0 0.290091 0.378431 0.007659 0.027451
0 0.299186 0.378431 0.008617 0.030065
0 0.310675 0.379085 0.010531 0.028758
0 0.280517 0.435294 0.009574 0.031373
0 0.290570 0.437255 0.008617 0.032680
0 0.298708 0.432680 0.009574 0.028758
0 0.309239 0.433333 0.011489 0.027451
0 0.280517 0.490850 0.011489 0.032680
0 0.290091 0.492810 0.009574 0.031373
0 0.301101 0.493464 0.008617 0.037908
0 0.311632 0.492157 0.012446 0.030065
0 0.341790 0.381046 0.030637 0.035294
0 0.344184 0.435294 0.031594 0.044444
0 0.343226 0.493464 0.025850 0.032680
0 0.381522 0.322876 0.012446 0.036601
0 0.391096 0.324837 0.012446 0.030065
0 0.404500 0.326797 0.012446 0.031373
0 0.382001 0.380392 0.011489 0.036601
0 0.392532 0.381699 0.011489 0.033987
0 0.400670 0.379739 0.012446 0.032680
0 0.382001 0.434641 0.013404 0.035294
0 0.392532 0.435948 0.009574 0.035294
0 0.402585 0.436601 0.012446 0.039216
0 0.382001 0.490196 0.013404 0.031373
0 0.391575 0.490850 0.011489 0.032680
0 0.402106 0.491503 0.015318 0.031373
0 0.429392 0.323529 0.010531 0.035294
0 0.436573 0.322876 0.011489 0.031373
0 0.446146 0.322876 0.011489 0.031373
0 0.457157 0.322876 0.010531 0.036601
0 0.426520 0.377778 0.016276 0.031373
0 0.438487 0.378431 0.011489 0.027451
0 0.448061 0.379085 0.009574 0.031373
0 0.459071 0.381046 0.010531 0.032680
0 0.426520 0.434641 0.014361 0.035294
0 0.437530 0.435294 0.013404 0.036601
0 0.449497 0.435294 0.008617 0.036601
0 0.460986 0.436601 0.010531 0.028758
0 0.427956 0.490850 0.009574 0.037908
0 0.438487 0.492810 0.011489 0.033987
0 0.446146 0.491503 0.013404 0.033987
0 0.458114 0.494118 0.016276 0.039216
0 0.478698 0.321569 0.013404 0.033987
0 0.490665 0.321569 0.012446 0.036601
0 0.498803 0.326797 0.011489 0.036601
0 0.508377 0.324837 0.013404 0.043137
0 0.481570 0.381699 0.009574 0.033987
0 0.490665 0.379739 0.012446 0.030065
0 0.499761 0.379739 0.009574 0.030065
0 0.509813 0.379739 0.010531 0.032680
0 0.479177 0.434641 0.014361 0.035294
0 0.488751 0.430719 0.012446 0.040523
0 0.499282 0.433333 0.014361 0.035294
0 0.509335 0.433987 0.015318 0.031373
0 0.481091 0.490196 0.014361 0.033987
0 0.491623 0.489542 0.010531 0.032680
0 0.499761 0.490850 0.011489 0.037908
0 0.511728 0.490196 0.014361 0.031373
0 0.537099 0.324837 0.015318 0.035294
0 0.535184 0.381046 0.011489 0.040523
0 0.535184 0.435948 0.013404 0.035294
0 0.534706 0.490850 0.010531 0.037908
0 0.545716 0.322876 0.013404 0.044444
0 0.552896 0.324183 0.014361 0.039216
0 0.543801 0.379739 0.009574 0.030065
0 0.554811 0.381046 0.012446 0.035294
0 0.544758 0.433333 0.011489 0.035294
0 0.555290 0.435294 0.013404 0.036601
0 0.545716 0.491503 0.011489 0.041830
0 0.555290 0.490850 0.015318 0.037908
0 0.587841 0.325490 0.013404 0.036601
0 0.599330 0.323529 0.015318 0.037908
0 0.588798 0.380392 0.011489 0.036601
0 0.599809 0.382353 0.016276 0.040523
0 0.593107 0.435294 0.035424 0.039216
0 0.594543 0.490850 0.030637 0.040523
