0 0.121644 0.603325 0.029362 0.041568
0 0.527685 0.411223 0.032718 0.052850
0 0.467492 0.138955 0.027265 0.065321
0 0.417366 0.135689 0.026007 0.063539
0 0.393247 0.133314 0.027265 0.055226
0 0.312500 0.130938 0.028523 0.059976
0 0.264471 0.134798 0.021393 0.059382
0 0.238674 0.133610 0.026846 0.054632
0 0.158557 0.131532 0.025168 0.043349
0 0.112626 0.128860 0.019715 0.054632
1 0.168414 0.614608 0.032299 0.076010
1 0.235738 0.615796 0.032718 0.076010
1 0.336619 0.618765 0.033138 0.074822
1 0.489933 0.539192 0.035235 0.047506
1 0.461409 0.391627 0.036913 0.052850
1 0.308305 0.393112 0.044463 0.051069
1 0.182257 0.425475 0.033138 0.040974
1 0.242240 0.421318 0.075084 0.040974
1 0.151636 0.390439 0.033138 0.045724
1 0.142827 0.324228 0.036493 0.045131
1 0.296560 0.322743 0.037752 0.042162
1 0.279572 0.242577 0.052433 0.039786
1 0.449245 0.323634 0.028523 0.039192
1 0.438549 0.241983 0.055789 0.044537
1 0.122693 0.245843 0.039849 0.039192
