1 0.213507 0.888658 0.035235 0.055226
1 0.211200 0.785629 0.039849 0.054632
1 0.249161 0.665677 0.031879 0.035629
1 0.371435 0.684679 0.039010 0.041568
1 0.526846 0.733076 0.042785 0.051663
1 0.669463 0.830463 0.042785 0.051663
1 0.447357 0.621437 0.036493 0.052850
1 0.513003 0.619952 0.034396 0.059382
1 0.604446 0.615796 0.032718 0.048694
1 0.575923 0.405582 0.037752 0.054632
1 0.567324 0.340558 0.036493 0.037411
1 0.549497 0.262470 0.038591 0.041568
1 0.430159 0.400534 0.033977 0.055226
1 0.513423 0.438836 0.064597 0.059382
1 0.458893 0.437352 0.036074 0.038599
1 0.420092 0.337886 0.027265 0.038005
1 0.398490 0.260095 0.034396 0.043943
1 0.612206 0.157067 0.021393 0.048100
1 0.463926 0.158551 0.028523 0.045131
1 0.316904 0.152613 0.036493 0.042755
1 0.186451 0.424584 0.043205 0.038005
1 0.205956 0.545724 0.041107 0.049881
1 0.234690 0.499109 0.050755 0.052850
1 0.331795 0.456948 0.034396 0.051663
1 0.367240 0.458432 0.028104 0.039192
1 0.310403 0.647862 0.022651 0.057007
1 0.274958 0.655285 0.023070 0.052850
1 0.332424 0.751485 0.034815 0.046912
1 0.164010 0.768705 0.033557 0.052850
1 0.106963 0.739311 0.028523 0.041568
1 0.107173 0.581651 0.033977 0.043349
1 0.162961 0.555523 0.029782 0.046912
1 0.280201 0.401722 0.040268 0.052850
1 0.252936 0.264252 0.032718 0.035629
0 0.044253 0.793052 0.023909 0.043349
0 0.043414 0.728325 0.023909 0.029097
0 0.044253 0.689430 0.026426 0.039192
0 0.045512 0.630048 0.026426 0.041568
0 0.044883 0.533254 0.027685 0.042755
0 0.046141 0.405582 0.026846 0.035629
0 0.046141 0.363420 0.029362 0.041568
0 0.045931 0.302257 0.029782 0.040380
0 0.044883 0.259204 0.029362 0.044537
0 0.067953 0.228029 0.021812 0.021378
0 0.095638 0.228325 0.026007 0.020784
0 0.217492 0.164786 0.024748 0.031473
0 0.243918 0.164489 0.026426 0.022565
0 0.287122 0.164786 0.026426 0.029097
0 0.365143 0.169240 0.026426 0.032067
0 0.391779 0.167162 0.025168 0.026722
0 0.436451 0.168349 0.026426 0.030285
0 0.513003 0.172803 0.022651 0.041568
0 0.538171 0.163895 0.020134 0.023753
0 0.582844 0.168943 0.028104 0.026722
0 0.658767 0.164786 0.028104 0.018409
0 0.687081 0.167458 0.024329 0.027316
0 0.732383 0.168052 0.021812 0.019002
1 0.704488 0.266627 0.043205 0.057007
1 0.709102 0.338777 0.036493 0.037411
1 0.723574 0.405879 0.044463 0.052850
1 0.750629 0.543349 0.028943 0.047506
0 0.792995 0.420428 0.024748 0.046318
0 0.399539 0.602435 0.027265 0.025534
0 0.373112 0.605404 0.025587 0.027910
0 0.358012 0.640736 0.027265 0.036817
0 0.355076 0.792162 0.019715 0.028504
0 0.354027 0.824525 0.028523 0.031473
