0 0.154572 0.795131 0.039849 0.041568
0 0.153733 0.725653 0.029782 0.040380
0 0.149539 0.627672 0.027265 0.042755
0 0.149958 0.523753 0.030621 0.032067
1 0.156040 0.480107 0.085570 0.043349
1 0.152265 0.840261 0.073826 0.041568
1 0.316904 0.786520 0.044883 0.037411
1 0.331166 0.900238 0.044883 0.054632
1 0.487626 0.689727 0.048238 0.054038
1 0.455117 0.763955 0.029362 0.037411
1 0.392827 0.651722 0.033977 0.039786
1 0.367030 0.664786 0.036074 0.037411
1 0.322777 0.540677 0.043205 0.048100
1 0.275587 0.547506 0.028523 0.046318
1 0.217282 0.744359 0.027685 0.042162
1 0.274958 0.774644 0.029782 0.044537
1 0.220218 0.579572 0.032718 0.052257
1 0.483641 0.456948 0.029362 0.057601
1 0.453859 0.455166 0.032718 0.051663
1 0.399748 0.393409 0.034396 0.052850
1 0.521812 0.241390 0.032718 0.035036
1 0.544463 0.323931 0.039430 0.051663
1 0.372064 0.240796 0.036913 0.043349
1 0.388003 0.324228 0.037752 0.040380
1 0.299497 0.417458 0.052852 0.040380
0 0.151216 0.690618 0.033977 0.030879
0 0.143666 0.387173 0.061661 0.043943
0 0.140730 0.350653 0.067534 0.038599
0 0.145554 0.285926 0.064597 0.036223
0 0.137374 0.241686 0.057466 0.038005
0 0.168834 0.201603 0.039849 0.063539
0 0.205747 0.213777 0.029782 0.084323
1 0.248951 0.201010 0.038171 0.088480
1 0.346057 0.136283 0.060403 0.062352
1 0.496225 0.141033 0.061242 0.075416
1 0.481124 0.826010 0.038591 0.089074
