0 0.222082 0.354513 0.046180 0.043943
0 0.288413 0.356888 0.047859 0.043943
0 0.195214 0.422209 0.026029 0.048694
0 0.192695 0.491093 0.029387 0.022565
0 0.195634 0.564133 0.025189 0.028504
0 0.308984 0.735748 0.036944 0.022565
0 0.364819 0.716152 0.047859 0.014252
0 0.431570 0.736342 0.053736 0.023753
0 0.527708 0.734561 0.046180 0.027316
0 0.608732 0.744062 0.080605 0.039192
0 0.680940 0.735748 0.052057 0.032067
0 0.780856 0.733373 0.045340 0.027316
0 0.820319 0.672803 0.025189 0.046318
0 0.820319 0.567696 0.028547 0.106888
