0 0.248742 0.398753 0.021812 0.045724
0 0.269505 0.346793 0.034815 0.020190
0 0.317324 0.348278 0.033977 0.024347
0 0.248112 0.447743 0.015520 0.023753
0 0.249371 0.489608 0.020554 0.045724
0 0.329488 0.620249 0.021393 0.017221
0 0.359690 0.611342 0.023070 0.007720
0 0.416107 0.619952 0.031040 0.013064
0 0.489094 0.621734 0.031040 0.015439
0 0.545721 0.620843 0.049497 0.014846
0 0.599413 0.622031 0.031040 0.012470
0 0.672399 0.624109 0.031040 0.015439
0 0.695470 0.586698 0.007550 0.026128
0 0.696309 0.505641 0.012584 0.057601
0 0.417995 0.413005 0.045721 0.024347
