0 0.489933 0.622031 0.031879 0.021971
0 0.543414 0.624109 0.047399 0.028504
0 0.601930 0.620249 0.030201 0.014846
0 0.671351 0.620843 0.028104 0.016033
0 0.697777 0.589667 0.017198 0.026128
0 0.695470 0.502375 0.020134 0.064133
0 0.632970 0.411223 0.026846 0.020784
0 0.562710 0.412708 0.029782 0.016627
0 0.523909 0.408848 0.026007 0.014846
0 0.456586 0.412411 0.028104 0.013658
0 0.417576 0.412411 0.044044 0.012470
0 0.316695 0.347684 0.031040 0.016033
0 0.271183 0.347981 0.028104 0.015439
0 0.251678 0.394299 0.018456 0.041568
0 0.249790 0.447743 0.018876 0.019002
0 0.250000 0.487530 0.021812 0.039192
0 0.332005 0.619062 0.021393 0.014846
0 0.416527 0.618765 0.028523 0.011876
1 0.304950 0.573931 0.023490 0.039786
1 0.330327 0.573931 0.023909 0.035036
1 0.327181 0.525534 0.026007 0.048694
1 0.295721 0.479810 0.030201 0.036817
1 0.287542 0.446853 0.016359 0.017221
1 0.302013 0.424584 0.020134 0.019002
1 0.362836 0.556116 0.013423 0.012470
1 0.383599 0.554335 0.012164 0.017221
1 0.398909 0.521378 0.029362 0.023753
1 0.430159 0.532067 0.013003 0.024941
1 0.455117 0.532067 0.019295 0.022565
1 0.480914 0.535926 0.018876 0.033848
1 0.524539 0.535333 0.017198 0.020784
1 0.572148 0.536520 0.017617 0.032660
1 0.611158 0.537708 0.021812 0.027910
1 0.633809 0.535333 0.015940 0.025534
1 0.681837 0.534145 0.023070 0.030285
1 0.567953 0.500297 0.019295 0.026722
1 0.541946 0.505641 0.019295 0.020784
1 0.519505 0.505641 0.023070 0.016033
